597621
41909
163075
537039
384666
504140
486980
605856
558791
32163
551829
765334
751384
425770
908351
173976
7314
213432
885605
691633
819223
407610
452291
459074
828963
905628
687325
396321
172133
277876
226374
599130
448961
324502
804489
486434
726490
323129
54147
182121
621670
555924
721816
245186
57791
587935
185067
74397
402132
870811
434134
21682
399699
185821
191990
438491
183501
614831
846221
666882
36292
468736
699754
354640
1536
187242
715883
596972
587721
232639
626893
557124
818382
466323
438493
495084
798584
483532
223236
637936
522190
837478
227675
138746
298511
812640
772466
427629
369102
655158
260644
717644
704396
133962
673065
48888
564521
8316
914474
539241
